685.644 1367.07
2480.43 1934.89
688.509 1322.91
685.58 1367.54
2446.35 1884.57
694.251 1346.06
2570.78 1894.91
1277.99 175.195
1248.62 1142.56
1270.7 1226.22
2462.99 1890.93
1164.13 1180.47
1203.55 1191.02
457.022 1375.28
2446.42 1945.01
1219.41 1037.26
298.238 403.59
2445.5 1957.27
1460.91 166.706
1164.89 1179.42
674.674 1310.2
1221.37 1218.13
2585.2 1971.05
1196.14 1170.92
477.11 633.625
1296.22 198.115
2715.69 894.903
700.729 1306.81
1161.93 1207.8
1224.04 930.748
1206.74 957.467
1271.7 1235.88
1167.79 1186.05
1205.66 1178
1428.28 612.65
2571.8 1965.22
1172.11 1156.96
1267.88 174.619
1256.52 1075.1
305.324 401.044
1258.03 1011.16
1189.91 1194.14
1290.8 206.205
2028.11 235.943
1183.85 1187.34
936.123 721.296
1349 160.048
1148.13 1208.52
1179.69 409.384
1094.19 327.092
1179.09 1199.17
1167.51 1391.86
1114.37 791.856
796.942 1075.71
1170.63 1209.94
815.632 1063.16
1321.27 202.524
1569.82 1151.79
876.629 1405.58
2191.88 519.759
1285.55 631.538
1948.65 863.904
703.253 1374.29
1748.13 1280.36
1206.32 1075.16
1723.71 992.867
1250.37 943.331
1178.71 1211.34
1739.07 1252.97
1211.68 919.686
1276 172.485
2466.86 1967.4
698.095 588.088
1099.42 320.085
1569.99 1129.3
1105.71 662.475
1152.4 1386.46
2241.79 514.458
1269.13 1412.74
1351.79 627.108
1734.86 1407.69
1147.97 1394.34
406.987 1601.12
451.499 1384.78
1755.46 222.285
564.85 1084.94
2040.47 458.312
1742.21 230.628
1624.73 1414.96
2772.27 1687.36
1995.33 1441.32
696.439 1384.25
2283.42 729.17
2817.91 1262.94
1998.86 1009.33
813.994 431.332
2334.58 267.364
1686.14 421.195
1682.46 433.803
2569.99 1981.13
2542.13 1968.19
1336.69 189.871
455.865 1328.64
1287.6 1230.54
1319.12 161.236
1916.43 960.832
2016.34 968.097
712.058 679.659
2401.19 1764.49
452.314 1145.11
447.109 1250.78
2032.09 1034.06
1236.47 1230.98
442.566 1647.17
596.329 486.778
1384.54 637.728
873.518 778.913
2469.44 330.406
1157.97 1214.37
1570.39 1467.63
1536.05 1024.43
1716.27 1253.19
455.746 1312.91
1550.47 1045.24
1014.42 987.511
1324.01 202.501
2332.14 1772.71
2064.34 468.544
2232.02 1162.96
855.71 177.617
410.568 1574.72
2474 1750.89
1363.55 1230.35
2359.16 1339.35
1654.31 1264.42
2349.04 1336.63
1561.19 858.341
1240.32 793.339
1358.8 609.702
1231.3 1127.84
413.863 1606.4
1322.84 185.814
315.428 414.903
2177.09 366.387
1243.97 1210.89
1352.99 615.767
1458.39 1102.91
1076.7 1097.59
1598.69 1464.14
2018.34 1042.27
1544.7 1097.65
1731.73 1050.13
1171.64 1199.49
1429.68 923.357
604.15 893.436
1257.78 1138.26
1368.79 367.401
1399.12 1404.69
1904.12 1071.21
1235.63 1083.94
441.36 1590.17
1910.52 1762.59
1561.07 1172.21
2775.57 1652.82
667.105 1372.5
1944.25 970.759
2148.89 941.808
2314.02 1332.66
455.651 1200.86
2047.65 1610.24
2116.19 423.635
2757.92 1689.9
1468.67 163.912
1931.87 1069.25
2030.21 1011.23
2290.61 1766.06
1243.58 407.495
706.876 1314.66
1622.81 486.172
1511.21 1794.58
2025.4 1001.04
2072.34 1721.31
1098.94 670.568
2072.35 1721.49
1538.24 1466.97
415.021 1540.57
1427.4 1417.35
1690.8 616.875
2059.59 1603.8
1997.98 546.272
1296.03 188.24
1082.83 1785.88
2071.17 1171.62
727.551 876.195
2134.07 839.297
2434.36 1538.98
431.977 1251.99
1349.98 1219.23
2038.99 943.863
1518.49 1048.08
1807.76 714.724
1740.57 1118.27
2240.86 1749.1
2316.96 275.301
2319.9 149.944
988.983 436.822
884.994 696.083
1873.76 782.929
1814.68 156.076
681.123 742.673
2341.97 1034.02
2379.88 1164.61
2059.28 1601.89
1076.83 225.476
1465.13 1172.81
1687.76 601.973
627.978 1063.5
1165.29 365.321
1270.94 1216.24
2109.05 469.969
2048.52 1612.52
1260.21 1112.8
1948.5 271.474
1738.9 1267.66
2068.47 1764.34
1459.66 1175.34
745.927 721.053
2274.6 1541.59
799.042 256.114
417.9 1607.19
2031.37 978.759
1834.49 876.237
1944.04 972.617
1896.27 967.979
1192.44 1182.68
1048.81 353.933
2253.63 623.015
1169.17 1225.75
1381.08 883.779
1342.62 182.954
1977.75 1692.3
967.571 1189.37
2116.57 462.049
1320.89 169.103
2152.15 848.704
1730.43 1273.22
1722.35 892.331
1522.45 1233.54
1041.23 1195.6
1966.11 678.784
1994.32 951.677
1983.85 1503.87
2089.29 1540.65
1765.77 436.593
1628.26 1369.24
2271.25 277.578
1989.86 1611.87
836.798 1437
2022.58 1017.04
2128.79 1539.11
1540.57 1792.49
994.993 1090.18
2315.45 1766.32
1338.47 1158.7
1425.92 1458.32
2080.75 1557.99
1021.28 1497.82
2386.43 1042.86
1594.7 353.584
2136.34 849.38
946.363 275.477
1793.2 168.951
1948.18 494.392
1822.24 436.785
2012.69 633.496
689.017 682.989
2026.7 953.354
1578.54 1042.63
2310.28 1764.09
2017.44 1729.77
1267.06 1452.18
2045.09 1703.66
1561.57 1411.32
1973.26 676.701
2169.63 1737.67
2342.55 929.403
1332.65 212.859
2034.67 993.788
2058.68 1600.61
2258.04 1762.66
2108.87 531.548
1287.06 822.974
2277.66 1548.7
1271.13 1256.23
1657.73 1375.67
1946.19 1055.79
1199.58 1040.17
911.025 688.212
813.505 997.249
580.984 1072.76
1654.6 810.081
2352.08 379.285
2319.31 1040.18
2108.4 470.922
841.788 173.795
1313.5 1144.03
1535.92 157.377
2213.47 1172.66
2188.95 1170.06
2258.05 926.638
769.448 1164.9
2317.92 1770.2
1117.06 772.403
969.272 442.823
2495.9 1129.76
1934.87 870.626
2126.86 943.224
556.058 1252.95
745.333 1418.78
1524.62 1098.78
1553.09 1855.05
642.261 1063.85
2004.02 1605.69
2544.33 1772.31
1719.66 1072.72
1084.69 504.792
608.895 423.484
2005.61 1471.08
690.075 1104.9
2439.55 1759.6
1712.1 1268.08
1144.7 259.386
2003.38 246.391
1378.09 690.13
1143.02 1404.16
459.888 618.698
771.64 865.63
1973.23 1369.34
1980.04 402.865
1131.87 189.85
1208.75 421.81
2356.66 379.243
2165.61 422.656
945.443 275.387
2127.36 434.714
1399.93 181.542
741.798 998.419
1169.43 482.09
1745.7 1417.04
1024.79 1078.16
2025.19 1339.53
1965.28 1456.03
691.924 594.559
1652.29 252.883
701.791 811.092
2063.98 655.326
2048.02 291.132
2063.66 1176.46
2040.17 1306.09
2257.93 926.311
1112.58 1640.44
2222.32 528.664
724.409 1398.02
1218.48 1039.88
982.456 593.324
2030.75 153.825
1714.25 226.208
1211.29 1205.7
1175.94 1168.69
1110.66 1004.96
1591.32 1421.54
1987 1624.3
1189.8 1218.1
1970.06 1343.36
1817.74 702.778
2245.73 1330.84
1959.47 868.109
645.499 691.165
1400.48 193.096
642.853 887.298
1389.58 625.764
1712.71 455.352
2138.93 860.243
2279.11 277.51
2123.95 1735.26
2295.33 1472.36
725.129 1009.64
1979.63 403.182
1411.84 198.039
2365.15 1218.38
2089.15 1734.09
1121.61 1767.83
2215.61 1746.2
1176.14 1404.57
1163.56 874.243
642.254 601.683
1687.74 360.566
1199.64 1068.82
1277.53 1210.47
1893.27 1401.93
780.408 493.631
931.915 604.267
1177.28 860.804
2121.87 1165.22
1524.68 1525.29
1488.55 871.586
1331.09 516.631
1186.14 938.593
2043.56 1517.58
1171.97 859.538
1245.67 1129.9
1457.61 1006.88
1972.02 1515.79
1084.9 506.42
2396.98 1208.18
2290.09 1547.47
814.247 254.853
2059.89 1724.65
2110.2 1520.29
2368.1 140.358
2030.91 1511.33
1292.74 1322.98
2118 1348.68
1571.75 694.625
2517.67 1976.36
2345.23 937.788
1707.36 601.542
2129.95 854.275
1311.49 393.969
1156.82 1728.46
1391.8 409.471
1467.05 1090.86
1560.61 1120.54
2300.66 1177.82
1946.61 1061.23
2228.9 734.416
1627.07 1745.19
623.118 1665.42
1028.09 1129.95
2508.15 1979.02
2243.25 1168.06
2348.99 1182.44
1781.34 602.808
977.132 908.036
816.126 723.045
2103.66 1166.66
579.145 883.474
2121.43 1730.94
1459.08 155.887
920.629 346.498
1462.48 892.618
2740.61 1761.73
748.887 1235.12
2222.44 1446.87
2058.56 758.997
1874.38 872.908
2321.8 1335.22
547.715 1430.93
854.572 1424.89
2422.34 1778.08
2213.9 524.995
1890.02 1256.2
1144.38 227.078
950.318 451.443
1977.54 1326.45
1942.69 156.833
2575.93 1903.92
2304.14 1754.74
2160.21 1746.07
1718.44 210.361
599.265 420.338
2037.37 1284.12
2284.33 588.512
666.326 1411.97
1849.32 427.755
2627.86 1909.92
2159.16 1370.4
1947.53 1635.45
2018.24 1720.33
1123.44 1724.04
2006.59 663.922
2032.93 1016.12
734.363 1067.63
717.604 170.609
2127.62 443.619
2375.59 1049.01
808.761 634.246
1588.7 1688.51
2207.35 1152.33
1211.77 170.393
705.693 1355.57
1916.56 160.837
1808.73 533.007
2130.09 737.074
2299.36 927.248
2261.94 1536.08
2021.51 1702.31
2130.21 640.032
2484.24 1756.91
810.159 262.718
1487.14 873.336
1170.14 483.525
2023.09 461.6
2478.79 1766.72
2336.92 944.001
1518.21 871.346
1806.57 886.705
2015.98 444.228
1113.25 762.519
2355.81 1190.82
2077.82 1758.22
2456.91 1758.15
638.57 748.604
1933.6 945.858
2178.16 1711.01
1933.26 1707.97
1990.52 1451.93
1085.93 1738.61
2173.68 1048.5
1934.9 148.935
2311.45 1168.96
2135.33 1717.75
2124.99 1741.2
2086.66 999.402
2497.29 869.219
1115.82 997.045
2121.76 1530.94
2011.84 315.047
1627.42 1613.57
2046.15 1677.13
873.51 913.115
1014.97 1048.22
1284.33 202.785
1965.64 541.092
1631.51 1657.47
1381.61 190.446
761.128 1067.53
1350.67 1061.03
1038.35 1403.03
1930.33 1086.85
2074.25 656.515
2330.09 815.812
903.228 404.938
2194.72 1734.53
1932.86 948.442
1818.46 714.335
1554.8 1721.74
1282.21 644.889
2296.29 817.509
823.207 1690.03
1317.73 344.044
2330.48 948.397
1583.1 1446.72
2316.09 283.945
2338.56 447.953
2275.42 741.558
866.06 1434.21
2067.01 410.334
1947.86 915.919
1598.89 1441.23
2543.2 1651.93
2169.97 1172.47
2518.18 1824.44
1352.15 682.157
2033.02 651.474
1533.76 1437.38
1397.99 1667.08
1838.26 264.113
2759.32 1646.45
913.373 201.627
2286.19 598.305
2128.64 736.408
2495.24 870.712
2262.99 1340.61
1707.72 1281.9
1662.4 421.247
2328.51 1318.56
2301.38 1782.31
1241.73 762.615
923.898 1854.53
1230.66 415.576
2108.98 1507.55
1502.54 206.361
2267.28 1382.43
1368.32 608.202
1867.05 1465.88
2063.14 1315.72
722.833 1285.77
2141.22 1318.63
1676.46 427.148
443.049 1527.04
2012.72 1605.18
2362.46 1235.64
2214.83 1330.42
1587.3 1675.82
2378.22 375.709
2351.21 1530.57
433.288 1561.82
434.081 1298.89
947.586 1445.57
1692.87 160.345
2174.06 360.655
1127.27 736.636
2031.99 1545.66
2240.38 285.653
1073.76 1769.87
1453.65 597.746
2509.72 1887.48
2321.87 1766.01
2005.59 550.741
1598.23 1676.45
1991.07 150.679
2741.41 1611.31
2073.45 1219.48
1393.66 343.006
2764.38 1713.41
2169.02 1580.65
1145.49 227.598
1998.65 340.077
1526.79 1836.65
1462.05 892.888
2088.74 1056.41
1672.26 421.375
1126.57 736.433
2001.2 1067.14
702.383 786.245
1886.57 414.157
2116.34 316.128
1045.99 624.178
2250.3 1058.53
855.245 728.383
1267.97 907.258
2214.12 1078.3
1571.97 200.309
437.384 1189.2
697.521 1339.07
2108.24 354.733
2397.52 1535.03
2090.53 1338.72
1165.28 891.73
804.913 990.007
1096.8 210.361
1211.27 1214.27
441.877 1579.33
740.247 1099.02
455.547 1575.14
1034.66 856.106
550.08 1243.78
1998.86 447.767
694.847 352.051
1935.55 576.223
1912.22 1743.89
1676.68 790.37
2139.71 531.322
2014.45 667.069
1672.22 1336.63
2225.51 175.954
1728.94 1592.89
1873.44 691.87
1096.08 718.3
873.428 726.118
2227.12 1334.75
937.118 326.461
2204.02 1534.59
1715.07 539.026
1742.25 1466.45
2212.24 1615.62
1469.85 1458.06
1873.72 692.688
2115.48 1542.18
2284.74 1161.42
1971.19 1662.33
561.487 1223.53
1487.51 1375.87
2183.74 372.149
321.554 379.115
1889.37 1339.29
2020.1 1512.86
975.844 185.193
2460.32 1943.39
1087.98 1443.48
1747.05 714.902
2180.85 1443.61
1723.14 314.436
2173.27 387.694
2174.36 1632.72
2068.23 796.199
2013.83 471.333
1288.14 1241.07
2373.35 1626.4
1991.39 405.903
2458.68 1947.38
1354.83 1458.96
1235.22 1113.65
1751.79 241.941
777.294 196.861
2232.83 1850.24
1216.09 1029.15
2030.36 1665.48
1351.13 670.699
988.781 1437.91
841.92 732.301
2218.34 1327.44
920.589 281.943
2006.73 479.489
862.153 849.577
834.068 296.179
1929.37 565.148
837.08 483.807
2006.09 956.877
2096.28 942.358
2313.75 588.636
2068.58 411.601
1985.28 1511.6
2266.34 1742.2
1846.55 703.19
2475.46 1029.48
1310.32 1250.31
751.065 1706.2
2410.97 1446.39
2014.39 147.129
1553.48 1402.49
2397.93 1310.42
1293.11 1336.86
2173.92 392.798
1457.24 872.86
1066.83 243.748
1853.31 188.295
1500.3 1564.54
840.036 1391.33
2466.42 337.787
880.159 702.294
2135.16 1616.67
1214.53 1755.17
574.194 1451.06
1357.73 1718.63
2445.39 344.66
2070.14 808.977
391.689 1665.28
1306.52 198.279
1849.47 511.066
1673.04 332.264
1371.6 992.693
1354.51 712.695
2514.14 986.504
2445.54 344.099
1704.55 612.161
1348.08 511.993
1617.01 493.703
1598.07 1698.94
1869.18 1298.63
1964.58 551.14
1921.88 1320.15
594.98 397.058
1967.8 1644.93
2217.82 1757.15
1847.26 159.38
1067.34 218.577
949.937 596.209
2055.03 476.171
2175.63 409.848
2086.79 1004.11
2260.34 504.875
1475.48 291.403
1078.77 454.666
1625.18 259.86
752.648 247.873
2002.26 476.537
1726.32 541.141
1666.51 324.181
2026.43 482.014
2540.41 1553.47
2212.77 1436.57
2473.78 1130.56
642.309 699.626
2191.29 819.213
2342.89 872.735
1978.1 736.164
1994.36 1076.83
770.624 634.341
935.105 188.717
2402.46 1333.14
596.845 1415.58
1510.19 151.191
2011.16 542.886
1904.15 679.277
2335.92 1000.13
1999.25 380.131
1568.4 280.316
1941.03 1427.47
1248.66 1219.57
1733.06 890.29
2182 359.841
1685.62 1876.57
1250.23 1117.94
1785.34 304.131
1329.47 271.533
1304.51 164.014
607.498 1813.86
2474.65 1454.19
634.836 688.579
2015.24 1337.42
1539.15 283.919
1291.91 441.299
2154.54 1714.77
1487.88 1538.72
1616.72 309.291
2234.4 1765.93
1383.98 666.979
587.87 547.063
1707.81 1280.94
2203.91 523.362
1845.56 694.548
1811.07 882.302
1774.26 1804.92
1717.59 1240.39
2426.23 688.933
1872.46 817.439
1391.09 1317.89
1554.69 329.325
2011.5 312.091
2449.08 1217.15
2462.82 1740.13
1033.87 358.648
1979.31 559.46
1296.07 640.438
2015.85 902.47
2294.41 207.382
2141.74 532.249
1939.79 503.071
2508.18 1599.27
2013.92 912.514
1921.26 1599.78
2225.28 1311.43
2079.77 1728.42
1810.91 782.029
2010.91 1352.06
2000.7 690.817
2261.73 730.959
2256.02 1687.88
1561.06 1218.61
779.873 562.079
2303.77 719.923
1156.12 422.514
1941.06 522.208
1693.54 278.722
1450.69 165.22
2000.07 282.63
1161.97 1448.09
1650.69 1614.63
1210.02 1649.2
2277.48 1337.24
2417.91 1155.58
1422.47 1438.21
1762.27 1009.93
664.451 705.594
2128.17 1290.31
1245.55 1088.66
893.902 353.948
750.485 404.334
2022.45 1376.46
1367.93 190.378
1717.87 1563.22
1621.6 1667.84
1598.09 204.179
1733.14 449.717
753.147 1431.07
2375.78 987.62
1083.38 1155.13
1923.38 1338.86
2331.25 610.876
1919.18 1175.98
2540.89 1652.9
1186.21 211.259
2093.28 1564.2
2525.74 1301.48
1900.34 195.365
730.12 323.466
2539.14 1639.13
2538.64 1232.95
1713.67 1302.85
1706.59 1292.37
425.83 1258.79
2314.36 1324.11
1201.06 169.314
2368.9 1043.86
2126.99 357.077
2321.84 254.658
1146.3 435.938
747.821 392.183
2173.73 221.044
1955.36 541.5
1746.93 584.377
1270.55 1150.26
1852.26 566.256
1931.52 1438.02
2432.82 347.51
1721.03 413.95
1601.27 1160.04
1903.71 1406.71
2263.52 170.393
1582.12 354.645
2483.49 884.358
2525.58 1234.02
1582.05 206.241
2669.31 178.914
2177.4 1221.94
2184.67 1332.34
1158.69 1245.04
2228.89 949.294
1965.1 1685.57
2055.09 1295.93
1993.72 1431.72
2345.51 1007.9
1596.51 1690.93
847.565 1301.6
1184.89 171.438
653.156 474.955
1372.96 1402.46
2068.4 400.594
600.882 1346.7
2180.45 1759.51
2025.57 660.229
1821.77 198.541
1270.34 1039.26
2497.41 1551.3
762.307 204.398
2025.57 1331.43
1730.77 1480.79
316.594 406.086
1988.09 1514.96
1414.54 415.527
2475.16 1027.07
1783.03 291.98
1290.38 620.327
1018.34 157.926
1043.75 160.295
1702.66 413.945
2301.86 270.664
1860.08 190.386
1122.65 1408.67
2499.56 689.1
847.742 1293.11
1541.7 1458.21
2237.28 1444.51
2243.05 1196.72
1755.61 1093.35
1778.92 450.033
2360.92 1735.93
2375.34 1616.53
1360.7 408.297
1781.57 854.663
2208.55 1483.15
1763.25 368.875
1135.14 1404.85
2335.99 1008.73
1962.12 402.713
449.382 1416.65
738.704 899.613
1999.33 1511.04
2255.88 1550.55
1726.32 1464.53
2429.76 930.052
2093.15 1242.42
2236.69 1153.51
886.574 1872.71
2437.26 783.778
2090.86 1727.3
2610.84 1880.03
2458.08 1262.24
772.165 505.171
2157.68 1449.68
1825.93 218.286
1516.41 1124.73
1727.02 884.461
1086.39 1641.14
1445.49 508.342
820.553 380.687
1093.34 450.426
1102.2 1116.01
2356.95 354.792
1224.92 1400.66
2423.9 461.296
978.4 895.448
1554.11 452.363
2298.58 229.701
1757.36 335.646
2025.65 988.204
719.207 1349.65
2453.54 1450.45
1939.29 1246.46
676.151 1072.5
2203.25 1443.15
1115.15 714.079
2030.04 167.432
2050.51 1170.82
1967.95 153.966
684.28 944.363
1668.94 438.676
1672.97 160.337
1986.38 1016.96
2146.06 313.675
1863.44 868.716
1927.1 938.084
2498.82 858.745
748.441 993.409
2368.43 1199.69
2176.68 533.441
660.012 684.374
2526.28 1539.37
1790.03 332.865
1512.61 594.612
1238.25 1090.47
816.969 238.345
625.304 1069.99
1761.14 296.078
2236.36 1789
1908.96 1373.8
2080.84 962.973
1197.96 1452.16
2264.75 1449.37
2117.19 654.94
2216.56 1846.19
1932.78 682.949
871.109 1869.05
2173.41 261.139
920.219 295.29
1930.61 335.549
2118.44 1253.25
1031.3 1731.67
1438.79 234.697
2020.3 1692.24
709.505 1283.29
2170.68 829.448
993.955 670.433
2290.6 1155
672.65 469.613
1837.73 872.385
716.192 811.052
427.522 1244.81
2113.01 435.078
1976.1 1159.71
658.971 883.728
2412.84 1455.14
2000.63 690.675
1031.26 1140.12
1708.51 167.104
2185.15 1314.15
2397.24 1162.19
924.121 271.339
2196.39 806.55
2451.45 355.758
1122.77 1699.98
2138.85 743.142
1720.95 152.798
806.881 553.994
628.299 1055.41
1550.29 1781.74
2218.2 1757.84
823.412 347.298
2020.39 1368.35
2089.84 179.138
440.186 1163.22
2249.93 1782.54
1360.85 408.498
1545.62 1396.28
1191.86 837.371
803.618 733.676
2477.32 756.051
2229.99 1193.87
1800.41 707.732
424.804 1517.51
2223.1 1154.59
2310.36 708.725
1906.86 497.544
2194.65 1158.01
828.054 1282.91
868.712 1190.09
2521.13 1640.11
1519.95 1154.83
584.582 774.319
1280.16 211.526
1405.4 1677.64
2025.54 1039.46
2445.72 1542.98
1474.26 300.232
2309.06 709.35
1886.83 251.944
578.075 1605.83
1660.98 303.908
2133.82 1332.9
1926.59 1430.22
1340.08 427.562
723.24 416.192
1751.73 623.55
1090.86 1729.53
2169.93 1668.44
2146.41 1589.8
1962.89 1440.8
800.564 190.503
868.106 415.113
1944.7 682.354
1030.55 1492.73
1124.59 1427.42
989.409 1424.32
1713.09 584.739
1460.17 1167.45
1121.22 1407.47
2070.97 312.911
1514.64 1032.32
945.188 594.168
2405.45 1154.91
2232.59 1451.21
1245.27 1637.69
2231.13 396.079
2107.61 1327.7
1741.4 634.992
1980.93 1714.74
839.774 919.991
1464.77 266.737
2132.36 456.098
1966.48 959.866
2380.44 1144
2330.46 470.114
1972.85 1470.04
736.892 1181.99
1177.93 246.077
1334.94 321.009
2375.09 1533.14
851.365 736.375
720.959 931.303
1823.21 615.264
1774.9 1841.27
2338.33 322.277
2816.29 1271.93
725.892 398.186
2193.92 1630.72
1796.87 175.511
2026.4 1387.07
2312.88 262.864
2105.93 729.93
1945.8 1251.49
1931.73 1109.87
2145 1764.86
2024.26 1245.31
2204.83 287.051
2078.78 1163.15
758.23 497.602
1221.8 237.18
1789.54 670.537
1855.48 856.62
2251.96 1734.51
2028.27 945.239
1220.86 391.357
1614.92 312.701
838.021 332.11
1796.51 432.66
1772.44 818.351
875.009 391.182
2377.74 1761.7
2249.52 1049.42
1049.83 219.547
1212.98 236.508
1005.82 275.32
2070.15 441.66
767.226 1170.47
434.014 1541.75
2054.82 446.378
2191.49 1031.5
624.401 1419.02
2206.59 1315.77
1389.99 1707.14
2162.29 1532.3
1239.85 994.454
2351.44 1532.44
1725.14 1715.48
1966.8 947.26
685.469 1121.9
1099.5 486.768
1944.11 347.982
1156.99 182.671
1925.41 1373.19
1299.75 856.397
2012.5 1502.71
1512.2 289.353
1986.64 1132.45
1646.67 360.717
1813.78 493.079
595.002 371.395
1931.19 1109.17
1091.31 276.117
972.095 1876.57
2070.9 530.927
2344.69 800.927
2134.11 446.302
905.09 255.106
2222.52 936.556
1693.59 719.22
1515.35 883.422
2144.44 1738.18
1202.49 1016.21
2373.26 364.597
797.079 718.659
1736.66 624.551
1968.63 1321.76
2202.41 826.003
1696.82 324.134
794.846 1766.1
1966.46 1067.89
1992.52 1334.13
2099.37 647.346
1986.59 441.542
1839.05 201.192
1702.37 376.835
619.812 470.299
2222.77 938.379
724.442 574.869
2362.36 348.593
2151.28 270.795
2420.9 1226.94
592.987 438.056
2151.98 1364.98
1940.69 1371.48
590.857 623.537
1374.17 1085.7
2181.77 868.093
2002.27 1634.05
2202.67 1032.79
134.537 1732.19
1681.6 807.375
2031.14 1071.69
2009.73 161.492
709.329 816.452
2454.66 428.772
2362.57 1252.32
1261.38 1421.6
846.373 218.27
2334.32 969.215
1168.4 435.118
1335.54 218.317
733.234 1439.23
1535.48 341.257
1169.66 784.953
2122.95 1616.51
848.752 327.406
1701.69 416.633
2122.81 686.808
1968.05 470.415
2127.93 1158.68
2825.88 1272.9
879.457 920.296
2443.54 943.585
857.591 1172.71
2151.13 1354.83
1110.31 1688.6
701.091 694.989
2223.21 1518.36
2999.64 526.716
1870.84 182.933
1034.04 251.117
738.037 1229.24
1831.99 666.521
1455.82 589.152
2424.02 1134.83
2165.32 1350.22
2280.15 1586.83
2196.76 235.351
1391.9 868.756
2294.66 198.969
721.095 525.09
2035.86 1370.84
2029.11 1214.09
2046.41 839.379
1257.94 1922.3
2360.83 859.518
2176.11 1171.18
2291.51 616.336
831.864 1639.68
2235.93 278.629
1820.77 781.719
972.98 640.661
1967.32 394.989
1660.85 402.079
1998.7 758.845
562.764 1335.8
2147.05 1058.28
1025.73 982.254
2134.02 528.742
2468.38 1963.31
2157.38 744.631
2276.57 1272.6
1799.83 1491.23
2398.94 378.507
2069.91 1346.79
1735.72 220.903
2421.79 1563.87
2515.26 1259.12
1858.26 673.429
2452.64 1192.04
1901.77 182.42
964.346 990.898
918.104 354.995
330.14 1607.19
2067.76 1587.24
1163.71 718.369
1885.82 1398.33
2502.49 974.674
828.447 1294.87
1858.78 798.538
904.131 200.34
2345.35 147.571
1543.52 299.607
757.695 636.115
2294.11 1328.75
707.989 788.242
1131 696.052
2448.67 844.017
2005.53 1075.31
1013.26 314.745
1856.03 152.665
1329.27 1150.71
2001.01 323.198
2282.08 1620.88
1537.79 446.347
1753.85 707.343
1534.76 1216.45
1760.88 236.319
454.491 1362.58
1780.46 326.99
2366.87 373.083
969.918 609.095
1839.05 438.519
2333.52 1046.94
2379.64 475.713
2282.24 927.988
2114.89 1170.1
1932.98 683.573
1680.86 163.18
2431.36 354.3
1128.18 270.229
1801.77 797.863
1801.83 601.169
1248.76 1429.31
862.358 714.276
2359.9 1356.73
2198.62 192.201
1210.58 1639.77
487.548 927.352
837.922 1354.3
772.958 610.879
930.372 1385.12
1862.45 203.084
2176.4 235.598
2291.15 1283.74
1951.77 156.998
842.156 983.445
1835.3 194.819
2108.32 1619.9
653.446 1072.93
2045.53 1437.23
2369.04 1232.14
2112.13 481.967
790.705 485.043
1323.76 425.875
1026.89 229.158
658.136 1303.31
790.514 501.019
2122.53 687.738
2093.08 1716.68
618.027 1162.92
941.752 1279.99
2066.23 1280.09
2099.39 1529.6
2480.12 1741.8
2050.93 364.007
2438.9 1159.26
2064.2 1668.11
2159.32 310.558
1081.08 252.269
2293.15 781.142
1977.76 1293.7
684.997 523.997
1957.16 1081.1
1363.07 1032.65
2417.86 1554.95
1170.14 775.834
2065.24 1279.85
1999.77 553.317
1741.43 437.679
1823.54 790.528
739.974 709.537
2024.95 473.87
2279.4 212.227
2252.36 536.309
2439.83 1721.58
1914.11 1247.98
1977.1 1132.86
