-2.66597 1.15007 8.80985
1.79411 1.73096 5.15824
-2.6673 1.01213 8.84466
-2.6649 1.14995 8.80569
1.74711 1.65321 5.20814
-2.63825 1.08199 8.80909
1.93059 1.62957 5.07325
-0.671181 -2.29605 7.63094
-0.691626 0.345783 7.01511
-0.611826 0.536631 6.75362
1.77165 1.65885 5.18808
-0.884665 0.429947 6.84648
-0.783018 0.45456 6.81332
-3.67016 1.27046 9.52147
1.74642 1.76652 5.20573
-0.770927 0.0785638 7.06129
-4.54408 -2.23816 10.2576
1.74218 1.78618 5.19809
-0.158972 -2.23002 7.33662
-0.88313 0.427609 6.84933
-2.72456 0.976715 8.88678
-0.735863 0.518638 6.78404
1.9461 1.75864 5.04455
-0.802195 0.405266 6.82076
-3.73939 -1.33608 9.8875
-0.617059 -2.21939 7.58553
2.49359 -0.233203 5.75816
-2.61904 0.957706 8.81404
-0.882654 0.494373 6.78914
-0.760045 -0.193864 7.07037
-0.804015 -0.125694 7.06713
-0.607987 0.55866 6.7381
-0.868589 0.440546 6.79197
-0.777942 0.423159 6.81462
-0.22659 -0.965008 6.76589
1.92545 1.75158 5.05466
-0.868569 0.374783 6.87613
-0.700656 -2.3032 7.64461
-0.665487 0.172048 6.95172
-4.54564 -2.26368 10.3201
-0.671332 0.0123694 7.05344
-0.814629 0.460798 6.79592
-0.632517 -2.19928 7.59104
1.15482 -1.75104 6.27993
-0.829429 0.444512 6.79497
-1.63041 -0.794458 7.69669
-0.464005 -2.28449 7.45872
-0.922061 0.499389 6.82971
-0.875315 -1.53044 7.08404
-1.1491 -1.82837 7.43466
-0.841299 0.473369 6.79625
-0.859351 0.936176 6.71432
-1.07571 -0.569631 7.30476
-2.065 0.196979 7.87347
-0.860974 0.499311 6.78704
-2.01358 0.162268 7.88108
-0.545501 -2.19646 7.54791
0.115918 0.341944 6.51028
-1.72333 1.06703 7.38351
1.4454 -1.0466 5.94227
-0.582393 -0.927659 6.83496
0.966613 -0.321687 6.23256
-2.59904 1.16646 8.77375
0.495726 0.595293 6.01448
-0.79194 0.172543 6.9518
0.439418 -0.0288816 5.97198
-0.692904 -0.162189 7.07335
-0.841238 0.503045 6.78811
0.477945 0.538067 6.03939
-0.792063 -0.22176 7.0739
-0.677911 -2.30765 7.64452
1.77512 1.79782 5.17678
-2.75227 -1.39849 9.2328
-1.12913 -1.83707 7.39683
0.1164 0.288903 6.51529
-1.08718 -0.900683 7.22934
-0.902876 0.930137 6.76488
1.53833 -1.04827 5.88671
-0.593259 0.957347 6.50752
-0.409958 -0.919753 6.69864
0.445035 0.831894 5.73408
-0.915906 0.951238 6.78091
-3.79669 2.02362 9.40712
-3.68725 1.30207 9.51641
0.574884 -1.91659 6.75575
-3.25773 0.266509 9.40505
1.16626 -1.22826 6.19139
0.542728 -1.89876 6.76112
0.222139 0.870345 5.89176
2.49095 1.35223 5.49204
1.03304 0.944111 6.00592
-2.61693 1.19718 8.76108
1.59582 -0.579702 5.77347
2.66313 0.525058 5.66507
1.05877 0.00587487 6.10995
-2.29198 -1.86353 8.94946
1.7136 -1.55395 5.8098
0.407839 -1.44083 6.80185
0.399106 -1.41051 6.80681
1.9242 1.78296 5.06015
1.87996 1.76614 5.07879
-0.500505 -2.2185 7.50483
-3.68543 1.11272 9.55075
-0.572656 0.548725 6.77959
-0.549779 -2.30244 7.52542
0.899096 -0.103835 6.26928
1.09461 -0.0852429 6.09406
-2.67355 -1.07972 9.12361
1.72238 1.47908 5.39783
-3.73992 0.484027 9.65979
-3.73324 0.845948 9.59572
1.12371 0.0602024 6.06335
-0.699039 0.551807 6.78701
-3.63789 2.15856 9.31103
-3.24293 -1.82138 9.68106
-0.334385 -0.904644 6.7779
-2.01136 -0.706592 8.57642
1.92737 -1.37145 5.60574
-0.903442 0.517203 6.87323
0.107664 0.996855 5.97767
0.0368141 0.0421181 6.61511
0.432007 0.543525 6.09519
-3.68764 1.05962 9.5554
0.0711496 0.0917059 6.59385
-1.41568 -0.0536647 7.71634
-0.538059 -2.19664 7.54894
1.60947 1.51603 5.47319
1.21408 -1.19969 6.16228
1.48071 0.324597 5.74412
-2.15967 -2.68868 8.96175
-3.78886 1.93679 9.41792
1.83615 1.4303 5.31492
-0.381202 0.542227 6.6943
1.68349 0.666454 5.5405
0.307314 0.591723 6.34664
1.66411 0.661474 5.54368
0.0963063 -0.354063 6.56782
-0.720046 -0.546648 7.08739
-0.393135 -0.962783 6.70071
-0.737147 0.308129 7.02916
-3.79117 2.05058 9.45189
-0.539182 -2.23357 7.52018
-4.51884 -2.2166 10.3456
1.42858 -1.39089 6.00546
-0.685198 0.505402 6.83308
-0.406516 -0.946084 6.68972
-0.152198 0.234649 6.74181
-1.18209 0.241236 7.34684
0.168134 0.984933 5.94896
1.09342 0.0778768 6.06293
0.0571212 0.216217 6.56451
0.466747 0.094747 6.10346
-0.8582 0.4737 6.78479
-0.224896 -0.206022 6.81847
-3.11863 -0.384498 9.38958
-0.670687 0.334612 7.03935
-0.378873 -1.59257 6.87974
-0.276154 0.902919 6.26793
0.867575 0.145527 6.24378
-0.717131 0.194195 6.94224
-3.68736 1.99156 9.42706
0.848963 1.64232 6.00918
0.0954226 0.390478 6.51987
2.5099 1.29024 5.51929
-2.73932 1.17196 8.85569
0.953462 -0.0808746 6.2118
1.34605 -0.138992 5.91273
1.6093 0.65954 5.59767
-3.72378 0.678363 9.64823
1.12609 1.28715 5.89685
1.31473 -1.28623 6.0928
2.46751 1.35907 5.50337
-0.138123 -2.23488 7.33001
0.922502 0.139607 6.19105
1.1192 0.00995547 6.06136
1.54126 1.51675 5.52396
-0.702394 -1.51579 6.99593
-2.59356 0.981596 8.79422
0.25557 -1.29995 6.90448
-0.0200731 1.66416 5.83814
1.10953 -0.0122681 6.06623
1.16592 1.50753 5.83222
-1.10496 -0.879185 7.22984
1.16621 1.50785 5.83339
0.0383851 1.00546 6.03759
-3.78417 1.8251 9.44423
-0.211307 0.929051 6.2498
0.414424 -0.947991 6.7221
1.14893 1.27064 5.88319
1.07909 -1.03919 6.23873
-0.616962 -2.24413 7.57812
-0.831762 1.47811 5.24157
1.1903 0.356397 5.96672
-2.57745 -0.423462 8.96751
1.32599 -0.361353 5.96533
1.78966 1.04043 5.40514
-3.78041 0.850966 9.58194
-0.415475 0.516766 6.71609
1.14226 -0.138259 6.08143
-0.00528311 0.0988171 6.627
0.674551 -0.684887 6.48399
0.485784 0.246467 6.09625
1.46296 1.50452 5.60546
1.6809 -1.54128 5.82502
1.69473 -1.81328 5.8512
-1.62048 -1.73443 8.40987
-1.97814 -0.964739 8.58712
0.814276 -0.514841 6.36382
0.708252 -2.04547 6.64729
-2.79841 -0.878437 9.19795
1.67483 0.0551082 5.62739
1.72842 0.317064 5.5512
1.14849 1.26701 5.88431
-1.32731 -2.33286 8.25135
-0.134953 0.402657 6.70265
0.407873 -0.986243 6.73627
-2.97197 0.188969 9.18679
-0.908832 -1.63877 7.05489
-0.611849 0.512874 6.76042
1.29626 -1.18035 6.07944
1.12795 1.292 5.8969
-0.663186 0.270185 7.02581
0.989657 -1.69762 6.38311
0.4767 0.569202 6.02832
1.15386 1.5925 5.81245
-0.148536 0.409872 6.71641
-2.53519 -0.933695 9.02953
1.53109 1.08381 5.60411
-2.3786 -2.47094 9.09482
-3.74713 2.03877 9.37605
1.12171 -0.0612374 6.06113
0.728276 -0.302144 6.40416
0.953242 -0.0769559 6.21347
0.852875 -0.0880271 6.26631
-0.809304 0.433418 6.80371
-1.41935 -1.96043 8.30019
1.54939 -0.80988 5.83331
-0.866716 0.540086 6.80392
-0.335447 -0.294496 6.63104
-0.483994 -2.23544 7.50007
0.988194 1.47972 5.96623
-1.55937 0.514343 7.77965
1.31242 -1.19739 6.07751
-0.544408 -2.27881 7.51748
1.35476 -0.337973 5.92014
0.457064 0.579436 6.01352
0.481675 -0.272881 6.5912
0.00419635 0.539914 6.5782
-1.32151 0.520096 7.60581
1.00963 -0.741958 6.25477
1.05352 -0.122213 6.138
1.00796 1.07976 6.00532
1.20393 1.12852 5.84288
0.59036 -1.37086 6.64665
0.234833 0.789843 6.02392
1.60285 -1.55424 5.89279
1.01652 1.30828 5.97872
-1.84996 1.16221 7.46447
1.10334 0.0225361 6.06638
1.27528 1.11408 5.787
0.0421756 1.6662 5.86015
-1.48185 0.235111 7.77857
1.5887 1.51481 5.51591
-0.447774 0.373036 6.78108
-0.214506 1.02103 6.2455
1.18846 1.1674 5.85561
-1.24597 1.22372 6.88454
1.7499 0.0727347 5.57763
0.187489 -1.65188 6.99016
1.32903 -0.339318 5.95707
-1.7938 -2.28117 8.61783
0.659753 -2.02493 6.68063
0.980206 -1.17249 6.32698
0.715863 -1.35009 6.55009
1.10288 -0.835464 6.18571
-2.77324 -1.07776 9.20166
1.12038 -0.117866 6.10978
0.136739 0.0847058 6.52227
1.57629 1.50876 5.50874
1.06598 1.54838 5.92145
-0.600456 1.05304 6.53276
1.11392 1.47679 5.86142
0.0892072 0.881585 6.02187
1.02506 -0.746068 6.24991
1.33935 1.50543 5.69518
1.6858 -0.158308 5.66019
-0.516082 -2.17576 7.57056
1.12963 -0.028347 6.06475
1.14695 1.26412 5.88302
1.49357 1.52811 5.58951
1.29589 -1.04509 6.07963
-0.590578 -0.463879 6.97548
1.53804 1.09869 5.60678
-0.612101 0.609501 6.76824
0.298535 0.802271 6.01155
0.952075 0.109976 6.1744
-0.819708 0.0839973 7.04378
-1.88638 -0.983944 8.53824
-2.20092 -0.0290386 8.58825
-3.20713 0.225786 9.41797
0.326536 -0.478514 6.72851
1.74031 -1.31103 5.77616
1.63391 0.0683107 5.64566
1.29546 -1.17853 6.08224
-2.2112 -2.70861 8.98764
-0.512624 0.338126 6.82718
0.039627 -2.20949 7.18897
1.44883 0.346141 5.77098
1.40676 0.343449 5.80899
1.53848 -0.166644 5.75751
-2.36116 0.495497 8.67302
1.58859 1.51815 5.49853
-1.06585 -0.617695 7.2871
-1.69039 -1.72561 8.45959
1.91316 0.240551 5.41352
0.936742 -0.307296 6.241
1.30586 -0.136467 5.94464
-3.26193 0.83229 9.33131
-2.16315 1.14884 7.69851
0.00940343 0.219911 6.59891
0.068158 1.78212 5.80676
-2.91123 0.189156 9.14535
1.04526 1.29276 5.96769
1.93872 1.44676 5.22623
0.442549 0.147928 6.13681
-1.14079 -1.31189 7.21958
-3.21703 -2.05483 9.736
1.05063 1.00385 5.97866
-2.70201 0.319321 8.97675
1.78154 1.45657 5.35016
0.421623 0.574465 6.0783
-1.09924 -2.18143 8.06773
1.10338 -1.73479 6.3075
-0.35131 -0.778798 6.79852
-0.92662 0.973977 6.7704
-3.79237 -1.38427 9.86545
-2.39638 -0.450725 8.82824
0.991971 0.793308 6.04881
1.04793 -1.37512 6.29501
-1.14506 -2.40199 8.12612
-0.799512 -1.4956 7.07471
1.74094 -1.30442 5.74662
1.40456 -1.26965 6.00962
-1.79195 -2.27507 8.59555
1.33244 -1.25396 6.06048
-0.32673 -2.22907 7.46473
-2.49924 -0.0262301 8.85451
-0.896634 -1.33759 7.04344
0.466485 0.849268 5.72101
-1.385 0.199993 7.70717
1.09409 0.720605 5.98445
0.971526 0.98026 6.03009
-2.77589 -1.37852 9.24267
0.329594 -1.88441 6.91008
-2.70089 -0.643997 9.10143
1.20224 -0.776277 6.1063
1.18729 -1.60817 6.21272
1.17728 0.367312 5.9831
1.12272 0.645756 5.96383
1.53851 -0.167328 5.75852
-0.782801 1.21401 5.2928
1.50041 -1.02035 5.90088
-2.24672 1.10274 7.78588
-0.774907 0.0852571 7.07581
-1.63068 -1.25039 8.36048
1.1604 -1.93741 6.27799
0.477436 -1.92186 6.80622
-0.762351 0.48988 6.79928
-0.853479 0.40127 6.83168
-1.08148 -0.00429017 7.27844
0.152721 0.895841 5.96686
1.01018 1.33543 5.97794
-0.81169 0.517754 6.76919
0.986425 0.737471 6.0574
0.698568 -0.713189 6.48893
1.49443 0.667453 5.68778
0.989296 -0.312109 6.22164
-2.97189 -1.06952 9.37056
-0.32505 -2.19662 7.46183
-2.94696 -0.399943 9.26391
-0.322491 -0.935247 6.78856
0.469258 -1.34487 6.74307
1.33228 -0.315082 5.94651
1.61387 -1.54893 5.87187
1.26097 1.51973 5.76791
1.56767 0.94035 5.58446
-2.56259 0.00957309 8.88865
1.04734 -1.37509 6.29733
-0.293627 -2.17792 7.44228
1.6948 0.424141 5.53819
1.19879 1.53069 5.81918
-0.761513 1.4507 5.26505
1.41894 1.50681 5.63445
-0.84014 0.968956 6.72849
-0.937027 -0.346278 7.24073
-3.00113 -1.38198 9.42752
0.41242 -1.5925 6.81223
-0.809455 0.156824 6.95761
-0.596705 0.500093 6.77181
0.830092 0.879326 6.1481
-2.42299 -1.67643 9.03217
-1.81294 -1.23745 8.4969
-0.902464 -0.382696 7.25194
1.28516 0.338102 5.899
0.00855313 1.11218 5.92765
-0.0785058 -0.330267 6.73551
-0.465139 -1.20036 6.77023
-0.873029 -0.176579 7.20151
1.11738 1.09003 5.8971
-0.916306 -0.386679 7.25071
-0.700699 0.314033 7.03076
-0.154891 6.8488e-05 6.77538
0.984409 1.10828 6.01878
-1.14141 -1.30924 7.22668
1.75162 0.401712 5.51593
1.55545 1.09113 5.57869
-2.31491 -2.4601 9.0422
1.14301 1.51899 5.84961
1.24281 1.0806 5.81758
1.77937 -1.81607 5.79416
1.09566 1.08174 5.92583
-0.552969 0.766452 6.69399
1.26121 0.720645 5.82655
0.12182 -0.741642 6.57759
1.84434 1.7896 5.10461
1.69075 -0.141193 5.65843
0.45316 -0.982285 6.6991
1.31555 -0.328388 5.95833
-0.507136 -1.48281 6.69017
-0.696375 1.37962 5.28056
-0.311272 -1.44005 6.66489
-0.130769 0.205059 6.72795
0.0941372 0.268133 6.50645
1.59502 0.349159 5.64306
0.953004 0.121819 6.17428
1.5 -0.575639 5.84454
0.223567 1.54909 5.79924
-1.90123 1.39407 5.84484
-1.36659 0.341664 7.6555
1.83206 1.79983 5.11952
1.49775 0.333645 5.71994
1.67213 0.35382 5.57069
0.620795 -0.960587 6.57227
-1.52312 -0.275695 7.73262
-2.24183 -0.900516 8.78066
1.25176 0.342795 5.92517
-3.23187 -0.422661 9.47195
1.25441 1.50911 5.76203
-0.163892 -2.25983 7.34107
-1.87902 -2.06426 8.64091
-0.143414 -0.280607 6.79976
2.4531 1.51558 5.54896
-2.4348 0.720021 8.70535
1.44903 0.907042 5.69802
1.18634 -0.54512 6.0862
0.815084 -0.307977 6.35929
1.62398 0.664452 5.59395
-3.26481 1.42187 9.25935
-1.78991 1.12256 7.41485
1.75496 1.49816 5.37094
1.48695 -1.0316 5.9191
0.831687 0.560784 6.21405
-1.10355 -2.2827 8.09251
-1.76131 -1.71271 8.5208
1.00404 0.701225 6.06463
0.985548 -1.98028 6.44338
1.93596 1.64198 5.06241
1.56836 1.49525 5.5242
1.31996 1.52306 5.69552
0.487853 -1.96116 6.80721
-3.24717 -2.06409 9.72421
1.11934 0.599993 5.97814
1.60468 -0.877053 5.79849
-2.74288 1.29987 8.85904
0.776128 -1.36507 6.51698
2.01353 1.63929 5.01837
1.34261 0.762842 5.80279
0.929819 1.3667 6.01107
1.06491 1.52447 5.90607
-0.759378 1.36985 5.2745
1.09069 -0.767912 6.19392
1.12634 0.0207346 6.06763
-2.52323 0.195258 8.85492
-2.74537 -2.85409 9.43306
1.33072 -1.23238 6.05017
1.73181 0.0852378 5.59003
-2.28962 -1.19564 8.87493
0.144685 1.44825 5.87097
1.43864 0.304517 5.78144
-0.888364 -2.40148 7.93457
-2.59426 1.10908 8.78382
0.927911 -1.9777 6.46657
0.683883 -1.12295 6.55167
1.32038 -0.58309 5.97879
1.61352 -0.164562 5.71809
1.51151 1.07717 5.62694
1.0713 1.4851 5.90271
1.32652 -0.796466 6.00534
1.85143 1.43844 5.30219
-2.33184 -2.43797 9.05603
-0.0819145 -0.325802 6.7342
-0.893778 -1.33248 7.03498
1.1295 -1.22326 6.20373
1.84525 1.46007 5.31445
1.67368 -0.128747 5.65838
-0.00597708 -0.326526 6.67107
0.66643 -0.279285 6.43265
1.1193 -1.26883 6.2359
-1.07076 -0.640661 7.25219
1.68653 0.370674 5.57276
1.17257 1.57833 5.80767
1.80829 1.44815 5.32977
-2.99158 -0.874375 9.35832
0.930931 -0.136814 6.22131
1.35375 1.44721 5.68176
0.902369 1.5305 6.03541
1.02431 0.969174 6.01622
-0.82864 1.39335 5.25899
1.38421 0.0883786 5.84951
0.966515 -1.99776 6.43841
1.61403 0.330409 5.63241
1.27451 1.47197 5.72208
1.26018 1.528 5.75429
1.22676 -0.016281 5.98132
1.9339 -0.272073 5.46446
-1.06671 -0.024611 7.27078
1.26429 1.10055 5.80426
1.11508 -1.56688 6.26434
0.225416 1.28007 5.8289
1.11686 1.42188 5.8651
-1.99435 -0.287789 8.50374
-1.41902 0.116952 7.74319
-0.651092 -2.21099 7.60155
1.01589 -1.06076 6.29995
0.23375 1.37047 5.82094
-0.377042 -2.20943 7.48046
-2.41157 0.192839 8.76128
-0.416674 0.133469 6.76339
-1.22586 1.00595 7.01311
0.921304 0.179944 6.20611
1.22216 -0.77215 6.0925
1.66921 -0.392843 5.69072
-1.93937 -1.88752 8.66691
1.38405 1.49174 5.6663
0.929475 -0.130851 6.22261
0.699211 -0.684975 6.47924
0.0727398 1.52248 5.88563
-0.590098 -0.893685 6.82869
1.61379 -0.393295 5.74165
-1.37682 1.34743 5.44692
-0.516854 -1.68491 7.02735
1.65982 -0.119232 5.65603
0.134508 0.946873 5.94724
1.67566 -1.52008 5.81328
1.70423 -1.16225 5.74992
1.57821 -0.553555 5.77029
-1.75649 1.14621 7.40407
1.21921 -1.32856 6.1581
0.96042 -0.203042 6.20387
0.168359 0.93456 5.94165
1.94398 1.22411 5.24626
1.37013 0.348901 5.82315
1.88447 1.54163 5.21315
-0.410606 -0.789575 6.72259
1.14077 -0.789107 6.14394
0.0286374 0.944182 6.05284
-0.252031 1.35425 5.66762
0.757039 -1.76712 6.57792
2.47378 1.2744 5.51115
-1.93077 -2.55545 8.77292
1.61185 -0.858182 5.81025
1.31571 -0.583884 5.97189
1.92557 -0.26877 5.4524
1.52384 0.683757 5.66482
0.413808 0.607525 6.10551
0.351426 -1.44937 6.84273
1.63493 0.630172 5.58487
1.55873 1.5448 5.50939
-0.718009 -0.6273 7.1027
-1.11147 1.57713 5.13881
-0.739118 -1.50282 7.03456
1.24272 1.05599 5.82921
-0.0476204 -2.09442 7.23163
1.52516 0.765923 5.63714
-0.371797 -0.971091 6.73342
0.757416 1.00222 6.03446
1.16564 0.662676 5.92968
-2.53606 0.88583 8.77126
1.30892 0.657502 5.82076
0.385798 -1.43311 6.83426
-3.69405 1.7819 9.45907
1.06075 1.28763 5.94902
1.69861 0.460917 5.56838
1.43768 0.668847 5.71536
0.141638 1.42116 5.86935
1.78017 -1.30761 5.72835
1.65622 1.0423 5.50293
-3.71574 1.89458 9.42921
-3.76328 1.01156 9.55699
-1.49539 1.14382 7.20015
0.428907 -2.10477 6.87354
1.42332 -1.40508 6.01128
-1.0455 -0.716935 7.33317
1.09594 1.1528 5.91479
1.54757 -1.54791 5.93368
-0.849438 1.44864 5.24425
-0.163293 -0.994649 6.72087
1.83998 1.63511 5.13361
1.59395 1.50748 5.48994
1.09343 -1.02618 6.22222
0.164813 1.42117 5.86539
1.08218 -1.96593 6.34829
2.46995 1.22163 5.58346
1.19258 0.458268 5.9536
-0.316121 -1.64906 6.86727
2.47703 1.40389 5.49587
1.34507 1.1883 5.72501
-1.10142 -2.28358 8.1004
1.08867 -1.51582 6.28518
0.0128918 1.75606 5.84812
-0.144579 -0.280331 6.80324
1.23215 0.10789 5.9855
0.37515 -1.44586 6.82876
-1.04802 -0.717785 7.33788
1.06046 0.13325 6.08996
-2.70561 -0.727543 9.12395
0.854616 -1.38146 6.44508
1.31772 -1.52505 6.10443
-1.27558 -1.02611 7.4153
1.52122 0.107851 5.75344
-2.09086 -0.872673 8.67068
-0.630602 -0.246227 6.88695
1.45218 0.149455 5.7789
0.132158 -2.07423 7.10972
-3.77097 0.635799 9.60581
-2.62033 1.05408 8.78408
1.29851 -1.43777 6.09811
1.73105 1.04048 5.44777
1.21718 0.707642 5.89426
-0.938979 -0.304106 7.29008
-2.25245 -0.0519938 8.68386
-1.26412 -2.37175 8.22821
-0.759476 0.509325 6.77325
-3.68814 1.95611 9.43357
-2.48123 0.293636 8.77322
-3.65513 1.94869 9.46918
-1.36018 -0.420146 7.72288
-3.27677 0.800182 9.31604
1.08558 -1.26664 6.26451
-2.8045 -2.22103 9.37022
0.951256 -0.985192 6.3271
0.854934 1.60632 6.02537
0.377961 -0.522595 6.68486
1.35056 -1.03493 6.02027
1.10715 -0.760302 6.18739
0.332304 0.72249 6.05151
1.52602 -1.79571 5.97454
0.429164 1.20575 5.68671
0.818846 -0.729747 6.40566
-1.12094 -0.759267 7.2856
-2.01673 -0.873075 8.59794
1.46331 0.677994 5.71606
-1.82383 -2.12201 8.62482
1.41073 1.08745 5.69687
0.471883 -1.13331 6.6986
0.458736 0.949658 5.71323
1.42043 1.24782 5.66781
-0.113282 1.00409 6.14875
0.819559 -0.72819 6.40624
1.25171 1.12398 5.80712
1.56959 0.317006 5.66883
0.975859 1.41749 5.97742
-3.25745 0.734972 9.3712
-0.0777032 0.863354 6.46166
1.4424 -1.3779 6.00278
-4.52419 -2.36458 10.411
0.827623 0.74506 6.19463
1.07443 1.08658 5.93672
-1.6974 -2.55572 8.59629
1.76387 1.75533 5.18012
-1.07988 1.08867 6.88656
0.542558 -0.698604 6.61437
1.37676 0.909034 5.75481
0.496623 -1.69552 6.76905
1.4204 -1.34482 6.00607
1.35075 1.29106 5.70217
1.20262 -0.461679 6.06088
1.11227 -1.20527 6.22377
-0.571196 0.575199 6.77807
1.68901 1.22497 5.46615
1.07281 -1.36712 6.28924
1.76531 1.76592 5.1931
-0.381789 1.03971 6.35183
-0.726235 0.271812 7.02014
0.564175 -1.86397 6.73655
-2.48518 -2.70373 9.22441
1.41307 1.67034 5.47539
-0.780825 0.0576613 7.07387
1.08833 1.4038 5.89238
-0.414194 -0.819069 6.74182
-1.3735 1.11247 7.12542
-2.13731 -0.862595 8.68915
1.44172 0.661999 5.70258
-1.89056 -2.28 8.69326
1.09782 -1.18863 6.2326
-2.04762 -0.487707 8.58029
-2.22813 -2.3027 8.95423
0.938802 -1.01223 6.33856
-2.19425 -1.6761 8.85724
1.07661 -0.110437 6.12042
1.24801 -0.139103 5.98311
1.65536 -0.870843 5.75971
1.22061 -1.32345 6.1475
1.01116 1.0966 6.0059
1.50347 1.47993 5.56391
0.759666 -0.706293 6.43294
1.88816 0.0447769 5.45719
-0.517676 0.599077 6.79071
-1.55471 1.41145 5.57413
1.75754 0.865915 5.4476
1.13227 -1.96779 6.32832
0.0716074 0.863673 6.02763
1.74648 0.603183 5.49381
-0.549767 0.796445 6.66596
1.42167 -1.33366 6.00543
-0.156673 -0.33014 6.81374
-1.36166 -2.28608 8.2779
0.792274 -1.94587 6.57236
-0.0438076 1.19595 5.92162
-1.84572 1.04195 7.4828
1.92261 -1.35699 5.60961
-1.99406 -0.945897 8.59085
1.28706 1.27504 5.77998
-0.585716 1.43015 5.27851
-3.13421 1.46981 9.1376
-0.328239 1.43204 5.5574
1.89066 -1.35096 5.64188
1.20637 -0.433633 6.05865
-3.73592 2.17726 9.13093
-0.587054 -2.21254 7.56331
0.772299 -1.1624 6.48188
0.378507 -1.67248 6.85494
-0.364429 -0.0333834 6.74613
-0.403921 -0.714369 6.70623
1.95215 -0.0398867 5.42242
1.89041 -1.35153 5.64016
0.448131 -0.960159 6.72579
-0.425654 -1.21814 6.80485
0.24111 -1.28158 6.9063
0.16413 1.4657 5.85309
0.786269 0.657312 6.22603
1.01087 -1.03567 6.28399
0.890979 0.694761 6.12831
-3.25674 -2.14196 9.7079
0.970026 1.38166 5.9867
1.42181 1.5273 5.62789
0.778705 -2.01743 6.5801
-1.36161 -2.3635 8.28777
-1.74723 -1.25493 8.44747
1.19558 -1.18426 6.17381
1.42226 -1.29345 5.99213
1.22745 -0.00527835 5.98311
1.56758 -1.06154 5.84815
-0.119017 -1.87948 7.25951
-1.16971 -1.45778 7.30526
0.26417 -1.88551 6.97713
-2.57307 -2.53879 9.24433
1.08863 -1.19682 6.23811
0.498874 -1.12786 6.69465
0.362795 -1.69516 6.86488
1.1373 -1.17793 6.20539
1.94721 1.04223 5.26939
1.43043 0.88677 5.70349
1.87886 0.243376 5.43985
-2.98419 -1.04178 9.37501
1.42888 -0.398782 5.87966
1.6842 -0.274043 5.65251
1.0307 -0.608529 6.21798
1.04654 0.154454 6.09683
-2.44234 -1.21144 8.98502
-1.84554 -2.57445 8.69626
1.7513 0.646871 5.48065
-3.04265 1.34495 9.0882
-0.0275873 -2.24512 7.25303
1.10343 -1.04144 6.20778
0.881146 -0.751119 6.34077
1.66527 -0.0132493 5.63673
1.08656 -1.42004 6.26514
0.122332 -1.86033 7.07758
0.925734 0.924494 6.07729
-0.667902 0.522559 6.7754
0.505548 -0.276731 6.56884
1.43857 -1.40473 6.00269
0.334848 1.76272 5.60219
-0.687877 0.282958 7.01858
0.637576 -1.68986 6.64776
-0.479559 -1.84083 6.92087
-0.592783 -2.30716 7.56627
-1.89171 1.67027 5.716
1.86014 0.87052 5.38072
-3.01956 -1.08411 9.40569
1.07441 0.717242 5.99498
0.0478718 -1.86932 7.14883
-0.560727 -1.38353 6.76354
1.30933 1.45992 5.70015
-0.0690731 1.11795 5.81038
0.242259 -1.75655 6.96117
1.44766 1.53681 5.59711
-0.337304 -0.83694 6.80892
-3.25784 -1.60297 9.63737
0.414133 0.605335 6.10718
1.46598 -1.03549 5.92096
0.758418 -0.727253 6.4418
0.67707 -0.289051 6.43372
0.511925 1.60906 5.57132
0.436859 0.517595 6.1224
1.83385 -0.642233 5.58826
0.810115 -0.435502 6.35505
-0.307729 0.738001 6.55248
0.0872793 -1.73499 7.07988
1.11365 -1.57275 6.26069
1.83549 0.414903 5.45569
1.81749 1.41157 5.32327
-1.46893 -1.95263 8.32631
1.04266 -1.01487 6.27341
-0.55428 -0.901695 6.81072
1.09633 -0.230434 6.10965
1.64591 -1.69707 5.86991
1.35632 -1.03471 6.02646
0.961106 -1.1526 6.32783
1.89599 1.13528 5.29817
1.09212 -0.20804 6.10995
0.880513 1.30108 6.06565
1.45623 0.628567 5.70322
1.18078 1.52121 5.82796
0.680544 -0.526195 6.47083
1.06613 0.749367 6.00131
1.07651 -0.707565 6.1887
1.55883 -0.579071 5.80469
1.48995 1.37685 5.59123
0.095489 0.500669 6.5258
-2.41201 -1.44571 8.98445
1.63164 -0.596703 5.74968
-0.94872 -1.51782 7.18104
0.963535 -1.10857 6.32489
0.426745 -1.79548 6.8143
-0.186566 -2.23915 7.35443
1.09555 -1.65134 6.30583
-0.875351 1.07551 6.73361
0.273362 1.27628 5.80298
-0.597472 1.23358 5.30688
1.55103 0.675838 5.65552
1.78851 0.295971 5.50075
-0.221496 0.972136 6.2225
0.524714 0.0075078 5.99327
-2.88352 -1.01259 9.29303
1.28576 0.598398 5.84056
-0.691746 0.205535 6.93789
-1.98378 -2.06309 8.73349
-2.56034 -1.99988 9.17285
1.0888 0.801558 5.98801
-0.415095 -2.21476 7.49807
0.404252 1.13887 5.6574
0.213092 1.39361 5.82719
0.197953 -2.04996 7.05878
0.517038 -1.35272 6.71478
-2.14161 1.18291 7.69945
1.73052 -0.0388067 5.58461
-1.15896 0.394139 7.31351
0.896409 0.738114 6.14281
1.68578 -0.821794 5.73905
0.89466 0.379161 6.19543
1.94006 1.22597 5.24747
-0.969728 -2.3028 7.99996
1.2081 1.17411 5.82217
1.94507 0.569165 5.34044
0.893664 -1.90674 6.49544
-2.65731 -2.29378 9.27484
1.93776 1.20088 5.25029
1.9717 0.437119 5.34494
0.426021 0.652195 6.09179
0.410806 0.629841 6.09792
-3.7964 0.873531 9.56845
1.60612 0.640572 5.58424
-0.921908 -2.4117 7.95867
1.72263 0.0746169 5.60426
1.33616 -1.42877 6.08093
1.69064 -1.58412 5.82303
-0.97704 -1.4861 7.20286
-2.56478 -2.03561 9.15775
1.42944 -1.71659 6.04
0.993748 -1.06166 6.30852
0.544497 -1.01399 6.64038
-0.637437 0.363777 7.03166
0.776306 -1.02947 6.46058
0.907296 0.950643 6.09418
1.86825 -1.34765 5.6519
0.488855 -1.4442 6.73347
0.188673 0.358197 6.46134
0.852548 0.888708 6.14222
1.59607 -1.79321 5.92867
0.15674 -1.66046 7.03888
1.91314 -0.242674 5.4832
1.95063 0.440214 5.35654
0.157215 -2.04848 7.07202
2.48813 -1.78861 5.97704
1.37979 0.451341 5.79785
1.38655 0.678981 5.76243
-0.911782 0.599067 6.95043
1.48721 -0.120749 5.79492
0.963572 1.46898 5.98309
1.15164 0.621838 5.94667
1.02991 0.923675 6.00818
1.68396 0.00295419 5.63366
0.161139 1.45208 5.86536
-1.91047 0.835891 7.83198
-0.975737 -2.42307 8.01856
-2.98056 -1.82439 9.48055
-0.341257 0.91213 6.37442
1.22151 -1.34927 6.154
-3.0393 1.12294 9.11804
1.35593 1.5438 5.67114
1.12973 -0.773962 6.1746
0.721998 -1.93395 6.61631
-0.635 0.0831482 6.99985
1.88283 1.04778 5.31945
-2.54442 -2.688 9.25787
1.09658 0.703709 5.99346
0.432804 0.973642 5.68458
-4.51733 -2.25069 10.3522
1.01438 1.10005 5.98869
-0.255291 -1.41948 6.63762
1.88834 0.0403221 5.45937
0.633697 -1.72364 6.66547
-0.569873 -0.954593 6.82813
-1.54231 -2.60221 8.47165
-1.44831 -2.56647 8.37919
0.446749 -1.45364 6.77555
1.65913 -1.56052 5.86076
0.804409 -1.93117 6.5399
-0.989045 0.99765 6.85671
1.94984 -0.631415 5.49663
-1.91478 0.814438 7.85174
0.0458931 0.985267 6.02934
1.47755 0.900511 5.68983
1.49507 0.392546 5.71129
0.515212 0.189006 6.05209
0.619426 -1.33317 6.61912
1.65727 1.43533 5.44276
1.6883 1.20199 5.45108
-0.383316 -1.43126 6.61307
0.61379 -0.357493 6.49241
1.41866 0.980697 5.69127
0.58618 -1.53852 6.66805
-0.947056 0.976052 6.77829
1.66747 0.00389048 5.64373
1.01181 -1.38185 6.32476
-3.70011 1.41529 9.53066
-2.53896 -0.347897 8.9594
1.03733 1.09069 5.98037
1.50145 1.10813 5.63553
0.427802 0.95102 5.74114
1.82189 -0.153597 5.53033
1.22808 0.504566 5.91987
1.48471 0.303863 5.72209
-1.18853 1.62097 5.17179
1.84284 -0.447797 5.54821
1.19876 1.51177 5.80157
1.98896 1.58986 5.03451
1.84467 0.501796 5.43033
-2.45468 -1.64283 9.04901
1.33586 0.927047 5.78695
0.730865 -1.88521 6.60767
-0.0100901 0.277687 6.50796
0.491512 -0.291448 6.57395
-0.831375 1.21319 5.28213
-0.184675 -1.22189 6.78107
-2.27234 -2.02865 8.95609
-1.12799 -1.46493 7.28488
-1.10347 0.287606 7.27617
1.74125 -1.35509 5.74566
-0.71241 0.947616 6.64652
1.84498 -1.11185 5.63661
-1.51233 -0.309658 7.69572
0.0825823 -1.3683 6.82059
1.65195 -1.64731 5.86
0.57292 -1.62173 6.67984
1.11025 -0.0401469 6.067
-2.56348 1.09542 8.82598
1.82354 0.865606 5.39424
0.931234 0.53244 6.13879
-2.75837 0.215282 9.01295
1.41558 0.902866 5.72294
-1.0752 -0.774551 7.31627
1.15944 -1.90715 6.28124
1.15051 0.355508 5.9922
1.03505 -1.96994 6.38565
-2.7535 -0.204932 9.08438
0.367321 -1.40595 6.83827
0.381726 -2.11768 6.91627
1.03331 0.0226884 6.12291
1.37191 -1.5177 6.05345
0.78936 -0.31724 6.35502
0.917323 -0.155982 6.22884
1.93572 -0.292507 5.461
-2.47118 -0.0417601 8.83047
1.70782 0.388221 5.55911
1.41963 -1.02212 5.97162
-2.90181 -1.08605 9.30342
1.92954 1.01987 5.29488
0.647902 -1.61838 6.638
-0.0187032 -0.956199 6.41848
-0.710248 0.209698 6.93912
-2.31076 -2.51959 9.06067
-2.99358 0.211565 9.22598
0.584369 -1.72441 6.7065
1.44368 1.57491 5.56646
0.866603 0.817371 6.15899
1.21609 -0.0947414 5.99073
-0.78193 1.07654 6.68599
1.52227 0.904097 5.64561
1.30556 -0.768867 6.03967
1.38564 1.66808 5.49461
0.941977 -0.738792 6.30767
-1.22577 1.62484 5.20694
1.4274 -1.62764 6.03447
-1.89256 -2.23943 8.69673
0.951523 -1.5555 6.40544
1.27125 0.52372 5.86863
-0.929702 1.37552 5.24188
-0.21863 -2.05761 7.36664
1.0681 1.46286 5.89934
-2.58991 0.88202 8.81034
1.39201 -0.37882 5.90955
-1.58135 -1.00798 8.28456
1.58079 0.303995 5.6658
-2.88791 -1.82677 9.39684
0.734949 -0.310812 6.39669
-2.64183 -0.641953 9.06159
-3.79308 0.826177 9.5749
1.30499 -1.2565 6.07911
1.00725 0.337732 6.10326
-2.87172 -0.408914 9.19625
1.76302 0.884199 5.45314
1.07608 -0.70739 6.18694
-1.35193 0.366942 7.62224
0.464602 -2.07364 6.82599
1.38691 0.64026 5.75975
1.75426 0.310279 5.52265
-1.87639 -2.31005 8.67873
1.43649 -0.424649 5.86637
1.89928 -1.32582 5.63074
-0.760997 1.32431 5.27697
1.33573 -0.568461 5.9626
0.494828 -2.106 6.81755
-2.30312 -1.45918 8.90318
-2.97226 0.161904 9.19095
0.0630659 1.64888 5.88065
1.42149 1.5277 5.6236
-2.26552 -2.139 8.96594
1.08544 0.78355 5.99412
1.2758 -1.85166 6.18537
-3.76195 0.544996 9.60766
1.46465 1.55488 5.5422
-0.382948 -1.4308 6.61255
0.0544816 0.850318 6.03116
-0.858865 -0.441379 7.20768
-2.29173 -0.872315 8.81886
1.90931 -0.499189 5.5075
1.47174 0.387678 5.72565
0.660846 -0.704955 6.51911
-3.76804 1.75402 9.48797
1.46514 0.307279 5.75599
1.64274 -0.618688 5.74039
0.893727 -1.17658 6.38629
1.41372 0.316927 5.78836
-1.98162 0.789114 7.89482
-1.88428 0.530036 7.97528
1.90967 1.20638 5.26735
-0.0017241 0.348623 6.49822
-3.23862 -0.803195 9.54683
-0.66999 -2.21129 7.68735
-0.237746 1.38162 5.68941
1.1084 0.0720934 6.05833
1.80799 1.04585 5.39343
-0.122393 -1.85909 7.27204
1.63797 -0.616746 5.73322
0.862068 -1.77514 6.49786
-2.02651 1.287 5.93234
0.350073 -1.75044 6.88486
1.29459 0.687617 5.8265
0.899585 0.936691 6.11576
-0.436452 -1.39729 6.66904
-2.66577 -1.97222 9.22389
0.553481 -0.916069 6.61012
-0.820065 1.3772 5.26451
1.34017 1.36279 5.69608
1.30407 1.21293 5.75108
0.969506 0.949984 6.05012
-2.38341 -2.69822 9.13218
-2.07962 -1.88294 8.79339
0.964419 -0.736638 6.27651
-1.222 1.21017 6.87971
-0.978577 1.03837 6.81723
-1.36926 1.07481 7.11191
0.466955 -1.02213 6.69668
-0.147359 0.389991 6.71841
-0.991046 0.992994 6.84591
1.23393 -1.55255 6.18734
-0.0145817 0.0609857 6.64272
-1.77185 -1.26844 8.49576
1.76967 0.2959 5.51938
1.46691 0.914209 5.68608
-0.530763 1.21366 5.31777
1.52692 -1.31024 5.93082
1.24921 0.681452 5.8733
0.529836 -0.89073 6.62396
0.995274 1.52784 5.96728
-2.12601 -0.270323 8.61593
-0.147567 -1.95003 7.28504
1.33968 -1.20365 6.04356
0.999172 -0.104685 6.18487
1.72961 0.275535 5.55145
1.68987 -1.1177 5.7585
0.987793 1.00987 6.02829
-2.48846 0.555504 8.76102
-0.991224 -2.19598 7.98079
-0.470663 -1.73486 6.99188
1.69445 1.04165 5.47257
-2.09924 -0.846512 8.65482
-2.60068 -0.245026 8.97369
0.711645 -0.919568 6.49148
0.505713 1.6571 5.48952
1.71443 -1.43291 5.78608
2.66374 0.543765 5.67345
-2.67447 -2.04509 9.28523
1.38434 1.2805 5.67421
0.668439 -2.009 6.67929
1.09413 0.821304 5.97025
1.67408 -1.56886 5.83117
1.27289 -0.601192 6.00183
0.945486 0.543187 6.1374
0.919529 0.230114 6.17325
1.29223 1.56623 5.7117
1.09956 0.519772 6.02545
1.48324 -1.5572 5.98239
1.20317 0.336403 5.94908
-2.52082 -1.68122 9.123
-0.851551 -2.18901 7.86194
0.637078 -0.795226 6.53868
0.772531 -0.345361 6.36719
1.47791 1.46795 5.57693
1.12068 -0.135457 6.09255
-0.764302 -1.56694 7.03276
0.237729 -1.74804 6.96168
-2.2106 -2.18162 8.93525
0.659201 -1.36938 6.59466
0.594187 -0.443865 6.51298
-2.04869 -1.95016 8.75549
1.68886 1.48453 5.4376
1.51664 0.0882968 5.74234
-1.42396 -2.37704 8.34478
-0.878383 -2.19479 7.87824
-1.57524 -2.23467 8.44214
1.22644 -1.25905 6.15926
-2.36999 0.514613 8.67988
-3.72513 1.83242 9.45933
1.19589 -1.25263 6.17837
1.41532 0.0520832 5.82223
-2.92155 1.34257 8.99476
1.42254 0.639789 5.72312
-0.26712 1.429 5.63946
1.33694 1.09315 5.75009
-0.72001 -0.0310088 7.07489
1.65844 1.04742 5.50881
0.419861 1.45321 5.66716
0.997892 -0.132749 6.17254
-2.71583 0.374085 8.97285
-1.0915 -1.34535 7.15107
0.978775 -1.51978 6.37838
-1.06647 -2.41215 8.09239
0.897447 0.811067 6.11902
-0.555454 -0.377865 6.93707
1.06075 1.06751 5.95166
-0.022132 -1.86706 7.19297
1.02847 0.277039 6.0909
0.313882 -1.60537 6.87226
0.694223 -1.21417 6.53559
-3.25847 -2.23264 9.71365
0.918157 0.228719 6.17199
-1.27502 -2.16612 8.1942
-1.02173 1.61796 5.13893
1.22052 -1.05366 6.1212
1.69502 -0.422449 5.67631
1.34428 -1.22604 6.0472
-1.95462 -2.38301 8.76149
1.47829 -0.147842 5.81242
0.419877 -0.696993 6.70083
-0.0129444 -0.298714 6.69978
1.29284 1.51372 5.71964
-0.80999 0.0241152 7.02453
1.77059 -1.33114 5.73067
-2.31667 -0.921389 8.83444
0.520871 -0.920084 6.65489
0.985819 0.692225 6.07301
1.44834 -0.382998 5.86245
0.434462 -1.68056 6.80617
-1.43685 1.50146 5.46226
0.992288 0.136032 6.14257
1.03361 0.716 6.04509
1.27231 -0.788163 6.06673
1.05902 -1.28217 6.2722
0.761776 -1.9241 6.60264
0.447085 -1.5468 6.78945
-3.157 -1.87743 9.66998
1.47866 -0.143811 5.81178
-2.64868 -1.43491 9.17905
1.75051 -1.36643 5.7391
1.38623 -1.61457 6.06587
1.78826 0.436512 5.48169
-3.25693 -1.99414 9.68746
1.32587 0.750971 5.7956
0.928213 0.804177 6.09848
-3.24557 -1.33581 9.63183
-0.358056 0.193167 6.74402
1.40818 -0.294633 5.87791
1.03563 1.34592 5.93404
1.43808 0.0547819 5.81884
-3.88691 2.03203 7.73763
0.390706 -0.483084 6.69994
1.12059 0.141943 6.05793
1.12074 -1.93407 6.324
-2.66244 -0.622444 9.05542
1.89864 -1.17315 5.60968
1.69236 0.492634 5.54717
-0.614381 0.981671 6.538
-2.19528 -2.56394 8.98261
1.6656 -0.0764499 5.64896
-0.912663 -1.47736 7.15054
-0.509417 -2.16583 7.59243
-2.20421 1.20936 7.72412
0.0380333 -1.7124 7.11001
-0.928995 -0.58615 7.30293
1.26281 1.27594 5.78593
-2.16717 -2.18708 8.90038
0.444802 -1.44832 6.78184
1.30909 -0.694098 5.99929
1.02057 -1.22077 6.29469
1.29562 0.323393 5.88771
2.68066 0.544334 5.66754
-1.97243 -0.264642 8.48844
1.84239 -0.125923 5.50906
-1.90192 0.476177 7.91494
1.32539 0.730911 5.80131
-0.785245 1.30325 5.27972
-2.72986 -1.03647 9.19121
1.44251 1.04742 5.66603
3.76655 -1.22122 7.02788
0.830118 -1.94929 6.54144
-1.47788 -2.29061 8.38068
-2.48148 0.704328 8.74921
0.729641 -0.795952 6.46762
-0.157556 -1.01255 6.70438
1.80006 0.254509 5.49879
1.35075 0.71883 5.78224
1.52872 1.16588 5.55463
1.47221 -1.67635 6.00871
-0.31394 -0.337293 6.72455
1.64501 -1.71299 5.86458
-2.67185 -1.60716 9.22071
1.11398 0.785883 5.96692
1.10504 0.450198 5.99759
1.16023 -0.36849 6.08989
-0.495146 1.72269 5.19964
1.71428 -0.299721 5.63059
1.38136 0.345728 5.81591
1.61711 -0.817431 5.78899
-1.35751 1.24623 5.43804
1.53814 -1.56264 5.93401
0.70242 -0.525372 6.45896
-1.65646 -1.10586 8.34537
1.02311 -1.39861 6.32089
0.348184 -1.4999 6.85523
1.07234 -0.555065 6.19039
-3.22837 1.10793 9.29989
1.33634 0.109544 5.88733
-1.37685 -0.0678095 7.67619
1.34152 -1.04439 6.03594
1.77694 1.78962 5.17392
1.37074 -0.563271 5.94084
1.54564 0.54246 5.64264
0.58653 1.01578 5.79811
1.8164 -1.2969 5.70706
1.17318 0.724788 5.89448
0.52826 -1.92762 6.77929
1.76801 1.09065 5.41422
1.93121 0.48903 5.3582
0.786028 -0.774189 6.42485
1.83907 0.364508 5.44546
0.896081 -1.9357 6.48906
-1.5835 -0.0443346 7.85444
-1.89824 -2.0498 8.69285
-4.26499 2.14791 9.88537
1.16501 1.23491 5.87663
-0.939499 -0.757883 7.26229
0.809985 0.868303 6.1216
1.93253 -0.0632686 5.43167
-1.99166 0.828501 7.93934
0.779626 -0.479323 6.36312
-1.96065 -2.56067 8.77464
1.73904 -1.80888 5.81921
0.0589902 -1.82084 7.11926
-2.49073 -1.20818 9.00802
1.57804 0.65576 5.63028
-2.67085 -0.71754 9.06857
-1.03586 -0.823838 7.33578
1.85956 -0.325444 5.52965
1.06634 0.150951 6.06903
-1.54623 -2.10511 8.40887
0.798752 -2.03063 6.57244
-0.470731 0.354996 6.78665
1.09377 -1.55371 6.28355
1.53969 1.23926 5.58019
0.0421236 -1.37606 6.78905
0.556844 -0.712648 6.58922
0.0334113 0.497546 6.54869
0.58479 -1.87265 6.71835
-3.6793 1.22617 9.52257
0.626055 -1.63522 6.64996
1.76456 -1.31875 5.75423
-1.67072 -1.204 8.37089
0.752391 -1.34097 6.52173
1.66047 0.0817252 5.63718
1.77037 -1.09241 5.6874
1.57794 -0.16284 5.71761
1.27052 0.348497 5.90035
0.942327 -0.737576 6.307
0.400148 -2.10438 6.89443
1.86511 -1.33346 5.65136
-1.15416 -2.16216 8.11427
0.661066 -0.490365 6.48986
0.666467 -0.959355 6.54099
-0.64502 1.00137 6.54539
-2.06852 -0.917797 8.67039
1.68054 0.699866 5.52595
1.48091 -1.77641 6.02796
-0.595988 1.21521 5.30301
-3.65342 -0.279446 9.75832
-1.90042 0.966765 7.6807
-2.43624 -1.28755 8.99101
-1.55376 0.995109 7.26309
0.811488 -1.90569 6.55265
1.43176 -1.68065 6.02516
1.57195 0.563876 5.6301
0.999856 -1.96739 6.4001
-2.10659 -0.0719488 8.56725
0.752827 -1.93941 6.60278
1.236 1.28699 5.80408
-2.85721 0.2171 9.09129
1.12892 0.924058 5.93556
1.71066 0.453213 5.5644
1.30087 -1.15234 6.06944
-2.37893 -1.69754 8.99278
-0.476132 -1.4019 6.67249
-1.50515 -2.36685 8.41064
-2.77526 0.953327 8.8786
-2.38127 -1.64692 8.99916
1.30781 -0.692128 5.99635
1.19928 1.48485 5.78167
-2.99871 0.518605 9.16726
-1.64295 0.774851 7.83107
1.17588 0.587991 5.9479
1.22567 1.10511 5.8445
1.84709 1.41222 5.31245
1.19143 -1.44153 6.20022
1.82076 0.301797 5.47187
1.15066 1.39804 5.84214
1.39916 -1.52255 6.04558
-1.31404 -2.25242 8.24726
1.60905 -0.469169 5.74805
1.00359 0.628732 6.05901
-2.81689 -1.62472 9.30143
0.972477 0.165505 6.1482
-0.386174 0.0638081 6.76108
1.76261 1.07455 5.42134
-0.922527 -0.606378 7.26239
1.17128 0.586216 5.9354
1.08082 -1.02118 6.22537
0.535019 -1.37671 6.68782
0.709104 -0.505202 6.46094
-2.55605 -0.971855 9.03442
1.13525 -1.1971 6.21212
1.61858 -1.69194 5.88673
1.55551 -0.998396 5.86648
1.78732 1.38731 5.36591
0.881814 0.539772 6.18512
1.00983 0.278273 6.10556
